{
  "advancedEditorSelectedIdentifier" : "ProjectBrowser",
  "openSceneRelativePaths" : [
    "Immersive.usda"
  ],
  "recentIdentifiers" : {
    "AF09ED6F-1707-48FD-8720-65B998362C09" : [

    ]
  },
  "sceneCameraHistory" : {
    "AF09ED6F-1707-48FD-8720-65B998362C09" : [
      {
        "date" : 731238081.355909,
        "title" : "Untitled",
        "transform" : [
          0.9793662,
          -1.0591377e-08,
          0.20209391,
          0,
          0.16906632,
          0.54785573,
          -0.81931114,
          0,
          -0.110718295,
          0.83657277,
          0.53655136,
          0,
          -33.80683,
          50.349464,
          20.869326,
          1
        ]
      },
      {
        "date" : 731237882.283504,
        "title" : "Untitled",
        "transform" : [
          0.9793662,
          -1.0591377e-08,
          0.20209391,
          0,
          0.16906632,
          0.54785573,
          -0.81931114,
          0,
          -0.110718295,
          0.83657277,
          0.53655136,
          0,
          -30.206827,
          53.78308,
          16.258614,
          1
        ]
      },
      {
        "date" : 731237566.421922,
        "title" : "Untitled",
        "transform" : [
          0.9793662,
          -1.0591377e-08,
          0.20209391,
          0,
          0.16906632,
          0.54785573,
          -0.81931114,
          0,
          -0.110718295,
          0.83657277,
          0.53655136,
          0,
          -18.625841,
          60.879547,
          7.5837793,
          1
        ]
      },
      {
        "date" : 731237564.296876,
        "title" : "Untitled",
        "transform" : [
          0.9793662,
          -1.0591377e-08,
          0.20209391,
          0,
          0.16906632,
          0.54785573,
          -0.81931114,
          0,
          -0.110718295,
          0.83657277,
          0.53655136,
          0,
          -2.3940814,
          11.215032,
          0.3163048,
          1
        ]
      },
      {
        "date" : 731237559.369661,
        "title" : "Untitled",
        "transform" : [
          0.9793662,
          -1.0591377e-08,
          0.20209391,
          0,
          0.16906632,
          0.54785573,
          -0.81931114,
          0,
          -0.110718295,
          0.83657277,
          0.53655136,
          0,
          -1.1199418,
          6.44495,
          0.0025373697,
          1
        ]
      },
      {
        "date" : 730377100.132994,
        "title" : "Untitled",
        "transform" : [
          0.9793662,
          -1.0591377e-08,
          0.20209391,
          0,
          0.16906632,
          0.54785573,
          -0.81931114,
          0,
          -0.110718295,
          0.83657277,
          0.53655136,
          0,
          -0.99778366,
          6.5465446,
          -0.13065672,
          1
        ]
      },
      {
        "date" : 730375686.119337,
        "title" : "Untitled",
        "transform" : [
          0.9793662,
          -1.0591377e-08,
          0.20209391,
          0,
          0.16906632,
          0.54785573,
          -0.81931114,
          0,
          -0.110718295,
          0.83657277,
          0.53655136,
          0,
          -0.7890668,
          7.3114758,
          -1.2802434,
          1
        ]
      },
      {
        "date" : 730375674.547279,
        "title" : "Untitled",
        "transform" : [
          0.9793662,
          -1.0591377e-08,
          0.20209391,
          0,
          0.16906632,
          0.54785573,
          -0.81931114,
          0,
          -0.110718295,
          0.83657277,
          0.53655136,
          0,
          -2.2560086,
          5.9262266,
          0.57688427,
          1
        ]
      },
      {
        "date" : 730375671.098192,
        "title" : "Untitled",
        "transform" : [
          0.97883517,
          -9.879636e-09,
          0.2046503,
          0,
          0.087023795,
          0.90508467,
          -0.41623154,
          0,
          -0.1852258,
          0.4252315,
          0.88592863,
          0,
          -2.552744,
          0.6028579,
          1.8847675,
          1
        ]
      },
      {
        "date" : 730375662.749329,
        "title" : "Untitled",
        "transform" : [
          0.97883517,
          -9.879636e-09,
          0.2046503,
          0,
          0.087023795,
          0.90508467,
          -0.41623154,
          0,
          -0.1852258,
          0.4252315,
          0.88592863,
          0,
          -2.385253,
          0.04236479,
          0.95931596,
          1
        ]
      }
    ]
  },
  "selectedSceneRelativePath" : "Immersive.usda"
}