{
  "advancedEditorSelectedIdentifier" : "ProjectBrowser",
  "openSceneRelativePaths" : [
    "Immersive.usda"
  ],
  "recentIdentifiers" : {

  },
  "sceneCameraHistory" : {
    "AF09ED6F-1707-48FD-8720-65B998362C09" : [
      {
        "date" : 730285328.303343,
        "title" : "Untitled",
        "transform" : [
          0.98605484,
          -3.0803429e-09,
          -0.16642042,
          0,
          -0.087051645,
          0.8522818,
          -0.51578844,
          0,
          0.14183705,
          0.5230829,
          0.8403966,
          0,
          0.4974681,
          2.5248451,
          3.133311,
          1
        ]
      },
      {
        "date" : 730285322.91434,
        "title" : "Untitled",
        "transform" : [
          0.98605484,
          -3.0803429e-09,
          -0.16642042,
          0,
          -0.087051645,
          0.8522818,
          -0.51578844,
          0,
          0.14183705,
          0.5230829,
          0.8403966,
          0,
          0.6581371,
          1.7807952,
          3.5693085,
          1
        ]
      },
      {
        "date" : 730285317.438446,
        "title" : "Untitled",
        "transform" : [
          0.9849622,
          -2.5720748e-09,
          -0.17276967,
          0,
          -0.076563545,
          0.89644545,
          -0.43648997,
          0,
          0.15487854,
          0.44315404,
          0.8829649,
          0,
          0.7152407,
          1.3062686,
          3.703941,
          1
        ]
      },
      {
        "date" : 730285311.045201,
        "title" : "Untitled",
        "transform" : [
          0.991688,
          -2.572075e-09,
          -0.12866656,
          0,
          -0.05701907,
          0.89644545,
          -0.43947047,
          0,
          0.115342505,
          0.44315404,
          0.8889941,
          0,
          0.15017618,
          0.59336203,
          1.6396371,
          1
        ]
      },
      {
        "date" : 730285308.170308,
        "title" : "Untitled",
        "transform" : [
          0.9544988,
          -2.572075e-09,
          -0.29821485,
          0,
          -0.13215509,
          0.89644545,
          -0.42298996,
          0,
          0.2673333,
          0.44315404,
          0.8556561,
          0,
          0.06907892,
          0.09500325,
          0.2544097,
          1
        ]
      },
      {
        "date" : 730285159.253774,
        "title" : "Untitled",
        "transform" : [
          0.9544987,
          -3.4292746e-10,
          -0.2982148,
          0,
          -0.13215512,
          0.89644545,
          -0.42299002,
          0,
          0.26733324,
          0.44315407,
          0.855656,
          0,
          1.0838331,
          1.9865234,
          -0.11164963,
          1
        ]
      },
      {
        "date" : 730285154.435766,
        "title" : "Untitled",
        "transform" : [
          0.9525989,
          1.7178245e-09,
          -0.3042288,
          0,
          -0.06446896,
          0.9772893,
          -0.2018647,
          0,
          0.29731956,
          0.21190941,
          0.93096477,
          0,
          1.1148776,
          1.607412,
          -0.045534015,
          1
        ]
      },
      {
        "date" : 730285117.625308,
        "title" : "Untitled",
        "transform" : [
          0.9509651,
          2.8479286e-10,
          -0.30929807,
          0,
          -0.17593044,
          0.82247204,
          -0.54091424,
          0,
          0.25438902,
          0.5688056,
          0.7821422,
          0,
          1.1148776,
          1.607412,
          -0.045534015,
          1
        ]
      },
      {
        "date" : 730285105.898638,
        "title" : "Untitled",
        "transform" : [
          0.9509651,
          2.8479286e-10,
          -0.30929807,
          0,
          -0.17593044,
          0.82247204,
          -0.54091424,
          0,
          0.25438902,
          0.5688056,
          0.7821422,
          0,
          1.363801,
          2.8653982,
          2.3341584,
          1
        ]
      },
      {
        "date" : 730285100.114002,
        "title" : "Untitled",
        "transform" : [
          0.9559552,
          2.8479286e-10,
          -0.29351243,
          0,
          -0.16695148,
          0.82247204,
          -0.5437526,
          0,
          0.24140576,
          0.5688056,
          0.7862464,
          0,
          1.8148918,
          4.623976,
          3.8902547,
          1
        ]
      }
    ]
  }
}