{
  "advancedEditorSelectedIdentifier" : "ProjectBrowser",
  "openSceneRelativePaths" : [
    "Immersive.usda"
  ],
  "recentIdentifiers" : {

  },
  "sceneCameraHistory" : {
    "AF09ED6F-1707-48FD-8720-65B998362C09" : [
      {
        "date" : 730291797.322497,
        "title" : "Untitled",
        "transform" : [
          0.07913889,
          -3.7861034e-09,
          0.99686366,
          0,
          0.15980928,
          0.9870664,
          -0.012686887,
          0,
          -0.98397046,
          0.16031213,
          0.0781153,
          0,
          -58.04515,
          4.9097385,
          1.5878277,
          1
        ]
      },
      {
        "date" : 730291793.761693,
        "title" : "Untitled",
        "transform" : [
          0.07913889,
          -3.7861034e-09,
          0.99686366,
          0,
          0.15980928,
          0.9870664,
          -0.012686887,
          0,
          -0.98397046,
          0.16031213,
          0.0781153,
          0,
          -75.194885,
          6.0509996,
          4.749299,
          1
        ]
      },
      {
        "date" : 730291786.928969,
        "title" : "Untitled",
        "transform" : [
          0.07913889,
          -3.7861034e-09,
          0.99686366,
          0,
          0.15980928,
          0.9870664,
          -0.012686887,
          0,
          -0.98397046,
          0.16031213,
          0.0781153,
          0,
          -259.41306,
          -44.7659,
          42.63453,
          1
        ]
      },
      {
        "date" : 730291783.544813,
        "title" : "Untitled",
        "transform" : [
          0.9994577,
          -3.0803433e-09,
          0.03292998,
          0,
          0.017225135,
          0.8522818,
          -0.5227992,
          0,
          -0.028065655,
          0.5230829,
          0.8518195,
          0,
          39.072765,
          58.456566,
          235.03448,
          1
        ]
      },
      {
        "date" : 730291779.461753,
        "title" : "Untitled",
        "transform" : [
          0.9994577,
          -3.0803433e-09,
          0.03292998,
          0,
          0.017225135,
          0.8522818,
          -0.5227992,
          0,
          -0.028065655,
          0.5230829,
          0.8518195,
          0,
          49.519947,
          75.74208,
          301.80392,
          1
        ]
      },
      {
        "date" : 730291561.89557,
        "title" : "Untitled",
        "transform" : [
          0.9994577,
          -3.0803433e-09,
          0.03292998,
          0,
          0.017225135,
          0.8522818,
          -0.5227992,
          0,
          -0.028065655,
          0.5230829,
          0.8518195,
          0,
          5.528324,
          8.644112,
          26.989601,
          1
        ]
      },
      {
        "date" : 730291560.179581,
        "title" : "Untitled",
        "transform" : [
          0.9994577,
          -3.0803433e-09,
          0.03292998,
          0,
          0.017225135,
          0.8522818,
          -0.5227992,
          0,
          -0.028065655,
          0.5230829,
          0.8518195,
          0,
          15.137325,
          10.659088,
          26.068842,
          1
        ]
      },
      {
        "date" : 730291551.613897,
        "title" : "Untitled",
        "transform" : [
          0.9995747,
          -3.0803433e-09,
          0.029162878,
          0,
          0.015254628,
          0.8522818,
          -0.5228604,
          0,
          -0.024855023,
          0.5230829,
          0.85191923,
          0,
          42.60365,
          18.138237,
          56.53586,
          1
        ]
      },
      {
        "date" : 730291548.827525,
        "title" : "Untitled",
        "transform" : [
          0.9995747,
          -3.0803433e-09,
          0.029162878,
          0,
          0.015254628,
          0.8522818,
          -0.5228604,
          0,
          -0.024855023,
          0.5230829,
          0.85191923,
          0,
          6.1424255,
          47.223785,
          122.24281,
          1
        ]
      },
      {
        "date" : 730291545.597264,
        "title" : "Untitled",
        "transform" : [
          0.9995747,
          -3.0803433e-09,
          0.029162878,
          0,
          0.015254628,
          0.8522818,
          -0.5228604,
          0,
          -0.024855023,
          0.5230829,
          0.85191923,
          0,
          6.1424255,
          47.223785,
          122.24281,
          1
        ]
      }
    ]
  }
}