{
  "advancedEditorSelectedIdentifier" : "ProjectBrowser",
  "openSceneRelativePaths" : [
    "Immersive.usda"
  ],
  "recentIdentifiers" : {
    "AF09ED6F-1707-48FD-8720-65B998362C09" : [

    ]
  },
  "sceneCameraHistory" : {
    "AF09ED6F-1707-48FD-8720-65B998362C09" : [
      {
        "date" : 730375686.119337,
        "title" : "Untitled",
        "transform" : [
          0.9793662,
          -1.0591377e-08,
          0.20209391,
          0,
          0.16906632,
          0.54785573,
          -0.81931114,
          0,
          -0.110718295,
          0.83657277,
          0.53655136,
          0,
          -0.7890668,
          7.3114758,
          -1.2802434,
          1
        ]
      },
      {
        "date" : 730375674.547279,
        "title" : "Untitled",
        "transform" : [
          0.9793662,
          -1.0591377e-08,
          0.20209391,
          0,
          0.16906632,
          0.54785573,
          -0.81931114,
          0,
          -0.110718295,
          0.83657277,
          0.53655136,
          0,
          -2.2560086,
          5.9262266,
          0.57688427,
          1
        ]
      },
      {
        "date" : 730375671.098192,
        "title" : "Untitled",
        "transform" : [
          0.97883517,
          -9.879636e-09,
          0.2046503,
          0,
          0.087023795,
          0.90508467,
          -0.41623154,
          0,
          -0.1852258,
          0.4252315,
          0.88592863,
          0,
          -2.552744,
          0.6028579,
          1.8847675,
          1
        ]
      },
      {
        "date" : 730375662.749329,
        "title" : "Untitled",
        "transform" : [
          0.97883517,
          -9.879636e-09,
          0.2046503,
          0,
          0.087023795,
          0.90508467,
          -0.41623154,
          0,
          -0.1852258,
          0.4252315,
          0.88592863,
          0,
          -2.385253,
          0.04236479,
          0.95931596,
          1
        ]
      },
      {
        "date" : 730375519.507358,
        "title" : "Untitled",
        "transform" : [
          0.97883517,
          -9.879636e-09,
          0.2046503,
          0,
          0.087023795,
          0.90508467,
          -0.41623154,
          0,
          -0.1852258,
          0.4252315,
          0.88592863,
          0,
          -2.5979438,
          -0.19136697,
          1.046243,
          1
        ]
      },
      {
        "date" : 730375499.558141,
        "title" : "Untitled",
        "transform" : [
          0.97883517,
          -9.879636e-09,
          0.2046503,
          0,
          0.087023795,
          0.90508467,
          -0.41623154,
          0,
          -0.1852258,
          0.4252315,
          0.88592863,
          0,
          -2.6386664,
          -0.097877935,
          1.2410183,
          1
        ]
      },
      {
        "date" : 730375394.179075,
        "title" : "Untitled",
        "transform" : [
          0.97883517,
          -9.879636e-09,
          0.2046503,
          0,
          0.087023795,
          0.90508467,
          -0.41623154,
          0,
          -0.1852258,
          0.4252315,
          0.88592863,
          0,
          -2.6256785,
          -0.06136782,
          1.2262095,
          1
        ]
      },
      {
        "date" : 730375339.759552,
        "title" : "Untitled",
        "transform" : [
          0.97883517,
          -9.879636e-09,
          0.2046503,
          0,
          0.087023795,
          0.90508467,
          -0.41623154,
          0,
          -0.1852258,
          0.4252315,
          0.88592863,
          0,
          -7.307767,
          -1.0715377,
          7.827541,
          1
        ]
      },
      {
        "date" : 730375309.677736,
        "title" : "Untitled",
        "transform" : [
          0.32482076,
          -5.6366405e-09,
          0.9457756,
          0,
          0.082919784,
          0.99614924,
          -0.028478242,
          0,
          -0.94213355,
          0.08767386,
          0.32356992,
          0,
          -9.585787,
          -4.158409,
          -2.57728,
          1
        ]
      },
      {
        "date" : 730375301.086349,
        "title" : "Untitled",
        "transform" : [
          0.32482076,
          -5.6366405e-09,
          0.9457756,
          0,
          0.082919784,
          0.99614924,
          -0.028478242,
          0,
          -0.94213355,
          0.08767386,
          0.32356992,
          0,
          -10.446127,
          -4.338476,
          -5.0335307,
          1
        ]
      }
    ]
  },
  "selectedSceneRelativePath" : "Immersive.usda"
}