{
  "advancedEditorSelectedIdentifier" : "ProjectBrowser",
  "openSceneRelativePaths" : [
    "Immersive.usda"
  ],
  "recentIdentifiers" : {

  },
  "sceneCameraHistory" : {
    "AF09ED6F-1707-48FD-8720-65B998362C09" : [
      {
        "date" : 730285159.253774,
        "title" : "Untitled",
        "transform" : [
          0.9544987,
          -3.4292746e-10,
          -0.2982148,
          0,
          -0.13215512,
          0.89644545,
          -0.42299002,
          0,
          0.26733324,
          0.44315407,
          0.855656,
          0,
          1.0838331,
          1.9865234,
          -0.11164963,
          1
        ]
      },
      {
        "date" : 730285154.435766,
        "title" : "Untitled",
        "transform" : [
          0.9525989,
          1.7178245e-09,
          -0.3042288,
          0,
          -0.06446896,
          0.9772893,
          -0.2018647,
          0,
          0.29731956,
          0.21190941,
          0.93096477,
          0,
          1.1148776,
          1.607412,
          -0.045534015,
          1
        ]
      },
      {
        "date" : 730285117.625308,
        "title" : "Untitled",
        "transform" : [
          0.9509651,
          2.8479286e-10,
          -0.30929807,
          0,
          -0.17593044,
          0.82247204,
          -0.54091424,
          0,
          0.25438902,
          0.5688056,
          0.7821422,
          0,
          1.1148776,
          1.607412,
          -0.045534015,
          1
        ]
      },
      {
        "date" : 730285105.898638,
        "title" : "Untitled",
        "transform" : [
          0.9509651,
          2.8479286e-10,
          -0.30929807,
          0,
          -0.17593044,
          0.82247204,
          -0.54091424,
          0,
          0.25438902,
          0.5688056,
          0.7821422,
          0,
          1.363801,
          2.8653982,
          2.3341584,
          1
        ]
      },
      {
        "date" : 730285100.114002,
        "title" : "Untitled",
        "transform" : [
          0.9559552,
          2.8479286e-10,
          -0.29351243,
          0,
          -0.16695148,
          0.82247204,
          -0.5437526,
          0,
          0.24140576,
          0.5688056,
          0.7862464,
          0,
          1.8148918,
          4.623976,
          3.8902547,
          1
        ]
      },
      {
        "date" : 730285096.26946,
        "title" : "Untitled",
        "transform" : [
          0.9559552,
          2.8479286e-10,
          -0.29351243,
          0,
          -0.16695148,
          0.82247204,
          -0.5437526,
          0,
          0.24140579,
          0.56880563,
          0.78624654,
          0,
          5.0850554,
          4.8799233,
          2.7010345,
          1
        ]
      },
      {
        "date" : 730285093.774457,
        "title" : "Untitled",
        "transform" : [
          0.9750064,
          -9.0224425e-11,
          -0.22217679,
          0,
          -0.10721586,
          0.87585735,
          -0.47050887,
          0,
          0.19459519,
          0.4825701,
          0.8539666,
          0,
          4.7292213,
          4.0708723,
          3.6484268,
          1
        ]
      },
      {
        "date" : 730285091.234864,
        "title" : "Untitled",
        "transform" : [
          0.9750064,
          -9.0224425e-11,
          -0.22217679,
          0,
          -0.10721586,
          0.87585735,
          -0.47050887,
          0,
          0.19459519,
          0.4825701,
          0.8539666,
          0,
          4.9414277,
          3.970149,
          3.6569886,
          1
        ]
      },
      {
        "date" : 730285087.424576,
        "title" : "Untitled",
        "transform" : [
          0.9750064,
          -9.0224425e-11,
          -0.22217679,
          0,
          -0.10721586,
          0.87585735,
          -0.47050887,
          0,
          0.19459519,
          0.4825701,
          0.8539666,
          0,
          4.804827,
          3.8913221,
          3.7326608,
          1
        ]
      },
      {
        "date" : 730285080.130575,
        "title" : "Untitled",
        "transform" : [
          0.9750064,
          -9.0224425e-11,
          -0.22217679,
          0,
          -0.10721586,
          0.87585735,
          -0.47050887,
          0,
          0.19459519,
          0.4825701,
          0.8539666,
          0,
          1.1370375,
          1.8142424,
          5.7421904,
          1
        ]
      }
    ]
  }
}